Generation 1
0.04890347 0.1021329 0.8583611 0.7672949 0.3723127 0.1931304 0.3580633 0.7344256 0.7360665 0.01731408 0.04578495 0.8619692 0.2725714 0.6615501 0.5060466 0.1353538 0.9136364 0.8320874 0.8487988 0.08792008 0.9184101 0.7488094 0.1311308 0.5602828 0.9260201 0.5400764 0.570479 0.1174147 0.5180644 0.4835767 0.6736929 0.7500247 0.375089 0.006140471 0.9878298 0.749272 0.6414421 0.1579765 0.8519751 0.424358 0.3937119 0.7231297 0.2831556 0.989318 0.2690778 0.09620334 0.8214763 0.1891926 0.1429672 0.528508 0.7247937 0.3819619 0.9473757 0.8066299 0.7133834 0.4075616 0.7489077 0.6626144 0.3506445 0.8163928 0.2550757 0.6194833 0.3817083 
Generation 2
0.04890347 0.1021329 0.8583611 0.7672949 0.3723127 0.1931304 0.3580633 0.7344256 0.7360665 0.01731408 0.04578495 0.8619692 0.2725714 0.6615501 0.5060466 0.1353538 0.9136364 0.8320874 0.8487988 0.08792008 0.9184101 0.7488094 0.1311308 0.5602828 0.9260201 0.5400764 0.570479 0.1174147 0.5180644 0.4835767 0.6736929 0.7500247 0.375089 0.006140471 0.9878298 0.749272 0.6414421 0.1579765 0.8519751 0.424358 0.3937119 0.7231297 0.2831556 0.989318 0.2690778 0.09620334 0.8214763 0.1891926 0.1429672 0.528508 0.7247937 0.3819619 0.9473757 0.8066299 0.7133834 0.4075616 0.7489077 0.6626144 0.3506445 0.8163928 0.2550757 0.6194833 0.3817083 
Generation 3
0.04890347 0.1021329 0.8583611 0.7672949 0.3723127 0.1931304 0.3580633 0.7344256 0.7360665 0.01731408 0.04578495 0.8619692 0.2725714 0.6615501 0.5060466 0.1353538 0.9136364 0.8320874 0.8487988 0.08792008 0.9184101 0.7488094 0.1311308 0.5602828 0.9260201 0.5400764 0.570479 0.1174147 0.5180644 0.4835767 0.6736929 0.7500247 0.375089 0.006140471 0.9878298 0.749272 0.6414421 0.1579765 0.8519751 0.424358 0.3937119 0.7231297 0.2831556 0.989318 0.2690778 0.09620334 0.8214763 0.1891926 0.1429672 0.528508 0.7247937 0.3819619 0.9473757 0.8066299 0.7133834 0.4075616 0.7489077 0.6626144 0.3506445 0.8163928 0.2550757 0.6194833 0.3817083 
Generation 4
0.04890347 0.1021329 0.8583611 0.7672949 0.3723127 0.1931304 0.3580633 0.7344256 0.7360665 0.01731408 0.04578495 0.8619692 0.2725714 0.6615501 0.5060466 0.1353538 0.9136364 0.8320874 0.8487988 0.08792008 0.9184101 0.7488094 0.1311308 0.5602828 0.9260201 0.5400764 0.570479 0.1174147 0.5180644 0.4835767 0.6736929 0.7500247 0.375089 0.006140471 0.9878298 0.749272 0.6414421 0.1579765 0.8519751 0.424358 0.3937119 0.7231297 0.2831556 0.989318 0.2690778 0.09620334 0.8214763 0.1891926 0.1429672 0.528508 0.7247937 0.3819619 0.9473757 0.8066299 0.7133834 0.4075616 0.7489077 0.6626144 0.3506445 0.8163928 0.2550757 0.6194833 0.3817083 
Generation 5
0.04890347 0.1021329 0.8583611 0.7672949 0.3723127 0.1931304 0.3580633 0.7344256 0.7360665 0.01731408 0.04578495 0.8619692 0.2725714 0.6615501 0.5060466 0.1353538 0.9136364 0.8320874 0.8487988 0.08792008 0.9184101 0.7488094 0.1311308 0.5602828 0.9260201 0.5400764 0.570479 0.1174147 0.5180644 0.4835767 0.6736929 0.7500247 0.375089 0.006140471 0.9878298 0.749272 0.6414421 0.1579765 0.8519751 0.424358 0.3937119 0.7231297 0.2831556 0.989318 0.2690778 0.09620334 0.8214763 0.1891926 0.1429672 0.528508 0.7247937 0.3819619 0.9473757 0.8066299 0.7133834 0.4075616 0.7489077 0.6626144 0.3506445 0.8163928 0.2550757 0.6194833 0.3817083 
Generation 6
0.5098382 0.02731986 0.08831669 0.5374832 0.7575158 0.04094161 0.7242827 0.5205973 0.8496529 0.04376967 0.2751714 -0.0666912 0.9436676 0.6818219 0.04196588 0.9717125 0.381141 0.416992 0.8403259 0.5339879 0.4570013 0.6712628 0.7898102 0.3335711 0.6427893 0.7163906 0.916955 0.3601585 0.1825359 0.6735058 0.7437851 0.1584075 0.4295826 0.04753637 1.038478 0.9284495 0.5120708 0.5874513 0.2788844 0.1362258 0.03295088 0.9237841 0.4347889 0.1721465 0.8294371 0.7263296 -0.0620741 0.2360618 -0.02196663 0.8138207 0.08925669 0.141481 0.4130565 0.2999125 1.032197 0.9392056 -0.01473808 0.2896883 0.05885095 0.3344031 0.8931627 0.5024263 0.2751549 
Generation 7
0.8817791 0.7427502 0.1722043 0.968515 0.04476069 0.8718161 0.6401625 0.2639747 0.09949198 0.6133022 0.6667936 0.1008549 0.4768104 0.7772513 0.6280593 0.6655619 0.6745313 0.8606138 0.8361596 0.7338722 0.6862294 0.2893072 0.2107229 0.611473 0.2031666 0.04624785 0.7444436 0.7441715 0.5941445 0.009734624 0.7447361 0.9304254 0.8234074 0.2156791 0.549663 0.4322703 0.3288502 0.2325417 0.2940076 0.7136257 0.2402823 0.7894849 0.01849435 0.8158338 0.2182771 0.4521788 0.06633115 0.4768326 0.9549696 0.08263673 0.125551 0.4415982 0.7519817 0.7172279 0.6090422 0.1357487 0.8767744 0.7656041 0.07075039 0.8684689 0.6055956 0.6534757 0.6706875 
Generation 8
0.4403499 0.1148567 0.008133952 0.5682464 0.8174141 0.114693 0.7029631 0.4943672 0.7437387 0.0926035 0.2093663 -0.08422907 0.8265079 0.6220154 0.08550876 0.9121212 0.5197399 0.2750467 0.7586918 0.575285 0.4705548 0.6209359 0.8816573 0.4282942 0.7321877 0.8352631 0.8518509 0.3514165 0.226106 0.768541 0.7562419 0.1093371 0.5286524 -0.005613564 0.9137629 1.025305 0.472963 0.5798703 0.415276 0.09521934 0.01949261 0.8122551 0.4470406 0.206928 0.7348269 0.8037356 0.05383861 0.285951 0.1040689 0.8709314 0.07099929 0.2285314 0.3553837 0.3086559 1.079306 0.9835052 -0.01906267 0.4574619 0.04552919 0.4155482 0.8862053 0.5640682 0.2340402 
Generation 9
0.3479644 0.1487195 0.09376568 0.6083748 0.8413404 0.1509793 0.6875645 0.4947523 0.7996219 0.0650117 0.2210026 -0.02616543 0.7700908 0.5704575 0.09104373 0.95224 0.5127895 0.3138118 0.7571922 0.5356942 0.471726 0.5914244 0.807938 0.2993471 0.6971424 0.8397618 0.8899729 0.2843563 0.259679 0.7817662 0.6791493 0.09983593 0.5267392 0.004230666 0.9057647 1.012846 0.4853239 0.5281245 0.4927166 0.05173537 0.02242849 0.8293105 0.3397734 0.2522247 0.7170807 0.882526 0.1402131 0.3300912 0.1131283 0.9301132 0.1064679 0.2155374 0.3151945 0.2597249 1.180902 0.9585192 -0.03639762 0.3863128 -0.03414661 0.4098236 0.8964133 0.510755 0.2204825 
Generation 10
0.04890347 0.1021329 0.8583611 0.7672949 0.3723127 0.1931304 0.3580633 0.7344256 0.7360665 0.01731408 0.04578495 0.8619692 0.2725714 0.6615501 0.5060466 0.1353538 0.9136364 0.8320874 0.8487988 0.08792008 0.9184101 0.7488094 0.1311308 0.5602828 0.9260201 0.5400764 0.570479 0.1174147 0.5180644 0.4835767 0.6736929 0.7500247 0.375089 0.006140471 0.9878298 0.749272 0.6414421 0.1579765 0.8519751 0.424358 0.3937119 0.7231297 0.2831556 0.989318 0.2690778 0.09620334 0.8214763 0.1891926 0.1429672 0.528508 0.7247937 0.3819619 0.9473757 0.8066299 0.7133834 0.4075616 0.7489077 0.6626144 0.3506445 0.8163928 0.2550757 0.6194833 0.3817083 
Generation 11
0.7577688 1.061799 0.3600491 0.5124515 0.183424 0.2752229 0.3095838 0.5223436 0.3742323 0.6786262 0.5442299 0.4083112 0.01167851 0.2565004 0.484122 0.08243348 0.8667951 0.1826525 0.926429 0.1404708 0.5466946 0.8506098 0.6499275 0.2702706 1.078171 -0.01276376 0.6374002 0.4215261 0.5981361 0.09916294 0.120943 0.8822579 0.1657712 0.02045076 0.1753665 0.5911719 0.9439595 0.1681624 0.8985646 0.5621784 0.4142756 0.7796839 0.9290784 0.3254802 0.3659388 0.8307818 0.1887964 0.178267 0.9178423 0.4628951 0.8333407 -0.005745621 0.5558227 0.6560967 1.016395 0.1763797 0.7290169 0.04519022 0.9573156 0.9473082 0.6423406 0.153119 0.5078112 
Generation 12
0.04890347 0.1021329 0.8583611 0.7672949 0.3723127 0.1931304 0.3580633 0.7344256 0.7360665 0.01731408 0.04578495 0.8619692 0.2725714 0.6615501 0.5060466 0.1353538 0.9136364 0.8320874 0.8487988 0.08792008 0.9184101 0.7488094 0.1311308 0.5602828 0.9260201 0.5400764 0.570479 0.1174147 0.5180644 0.4835767 0.6736929 0.7500247 0.375089 0.006140471 0.9878298 0.749272 0.6414421 0.1579765 0.8519751 0.424358 0.3937119 0.7231297 0.2831556 0.989318 0.2690778 0.09620334 0.8214763 0.1891926 0.1429672 0.528508 0.7247937 0.3819619 0.9473757 0.8066299 0.7133834 0.4075616 0.7489077 0.6626144 0.3506445 0.8163928 0.2550757 0.6194833 0.3817083 
Generation 13
0.5836474 0.6078382 0.3738912 0.6442122 0.4779934 0.3851964 0.8875151 0.02462038 0.803526 0.6452645 0.9998024 0.176117 0.2358212 0.1838306 0.496286 0.935697 0.9240494 0.6321724 0.9058768 0.7800094 0.9674617 0.5537604 0.1344218 0.7703329 0.9746606 0.6686941 -0.04684965 0.05817888 -0.08891515 0.5516337 0.4488339 0.8414932 0.4423679 0.8747761 0.7759195 -0.04042438 0.1234904 0.9159186 0.2807309 0.6150369 0.1128621 0.6420302 0.4329702 0.1914288 0.752645 0.7828753 0.4080943 -0.01886214 0.5338366 0.6360306 0.4293571 0.2834981 0.3605958 0.9601856 -0.09421472 0.8508028 0.1120208 0.745227 0.4476941 0.4600481 0.5123405 0.5721716 0.4939692 
Generation 14
0.5204833 0.009130117 0.9147052 0.04845731 0.7803606 0.4941866 0.05920817 0.4993278 0.4241897 0.7428646 0.7088308 0.09497839 0.2182005 0.3467903 0.6141322 0.1181464 0.6889391 0.8752237 0.4820931 0.2493901 0.3523156 0.2919508 0.5621105 0.6065233 0.7261587 0.6979974 0.2762057 0.3214135 0.5642047 0.1388715 0.8069529 0.4195944 0.4869818 0.777985 0.8150409 0.9266182 0.4753282 0.5330935 0.6889977 0.4415442 0.8955796 0.3771527 0.2388787 0.1607904 0.705672 0.2180324 0.6009992 0.8803363 0.1003826 0.4982224 0.5724497 0.16125 0.2359408 0.2680802 0.632537 0.9315479 0.297233 0.7045743 0.4362933 0.5258597 0.266988 0.7267457 0.6741988 
Generation 15
0.04890347 0.1021329 0.8583611 0.7672949 0.3723127 0.1931304 0.3580633 0.7344256 0.7360665 0.01731408 0.04578495 0.8619692 0.2725714 0.6615501 0.5060466 0.1353538 0.9136364 0.8320874 0.8487988 0.08792008 0.9184101 0.7488094 0.1311308 0.5602828 0.9260201 0.5400764 0.570479 0.1174147 0.5180644 0.4835767 0.6736929 0.7500247 0.375089 0.006140471 0.9878298 0.749272 0.6414421 0.1579765 0.8519751 0.424358 0.3937119 0.7231297 0.2831556 0.989318 0.2690778 0.09620334 0.8214763 0.1891926 0.1429672 0.528508 0.7247937 0.3819619 0.9473757 0.8066299 0.7133834 0.4075616 0.7489077 0.6626144 0.3506445 0.8163928 0.2550757 0.6194833 0.3817083 
Generation 16
0.7192228 0.9015298 0.81589 0.1522373 0.2971461 0.5271652 0.3168539 0.1063229 0.7619457 0.6640971 0.7421915 0.7013046 0.4723151 0.9171034 0.2329451 0.6900517 0.4772941 0.9325911 0.2161812 0.1459408 0.8250293 0.3021521 0.1782288 0.2180743 0.5434598 0.2166673 0.9139488 0.2395631 1.022591 0.1340559 0.3392234 0.6974989 0.7300385 0.7053354 0.5608082 1.061983 0.8246005 0.8300461 0.3963479 0.1406811 -0.003935637 0.7428452 0.146895 0.9233488 1.027843 0.3720679 0.393787 0.3863481 0.5694842 0.2387827 0.7681087 0.2909383 0.4528088 0.5117722 0.4278177 0.2660185 0.817574 0.8227867 0.9332509 -0.05375989 0.0581533 0.6553827 0.2645872 
Generation 17
0.04890347 0.1021329 0.8583611 0.7672949 0.3723127 0.1931304 0.3580633 0.7344256 0.7360665 0.01731408 0.04578495 0.8619692 0.2725714 0.6615501 0.5060466 0.1353538 0.9136364 0.8320874 0.8487988 0.08792008 0.9184101 0.7488094 0.1311308 0.5602828 0.9260201 0.5400764 0.570479 0.1174147 0.5180644 0.4835767 0.6736929 0.7500247 0.375089 0.006140471 0.9878298 0.749272 0.6414421 0.1579765 0.8519751 0.424358 0.3937119 0.7231297 0.2831556 0.989318 0.2690778 0.09620334 0.8214763 0.1891926 0.1429672 0.528508 0.7247937 0.3819619 0.9473757 0.8066299 0.7133834 0.4075616 0.7489077 0.6626144 0.3506445 0.8163928 0.2550757 0.6194833 0.3817083 
Generation 18
0.04890347 0.1021329 0.8583611 0.7672949 0.3723127 0.1931304 0.3580633 0.7344256 0.7360665 0.01731408 0.04578495 0.8619692 0.2725714 0.6615501 0.5060466 0.1353538 0.9136364 0.8320874 0.8487988 0.08792008 0.9184101 0.7488094 0.1311308 0.5602828 0.9260201 0.5400764 0.570479 0.1174147 0.5180644 0.4835767 0.6736929 0.7500247 0.375089 0.006140471 0.9878298 0.749272 0.6414421 0.1579765 0.8519751 0.424358 0.3937119 0.7231297 0.2831556 0.989318 0.2690778 0.09620334 0.8214763 0.1891926 0.1429672 0.528508 0.7247937 0.3819619 0.9473757 0.8066299 0.7133834 0.4075616 0.7489077 0.6626144 0.3506445 0.8163928 0.2550757 0.6194833 0.3817083 
Generation 19
0.4878804 0.95332 0.7668997 0.3110671 0.7030383 0.5777621 0.9151674 0.8720162 0.01070386 0.5297688 0.7004615 0.4576315 0.3471579 0.970517 0.916525 0.4637624 0.3854594 0.426752 0.4201682 0.1280036 0.3865668 0.1618537 0.705372 0.6390243 0.8848057 1.007198 0.8234593 0.9111083 0.7168451 0.7891183 0.8845902 0.7532412 0.5443754 0.3657557 0.5532993 0.4806715 0.5987016 0.3298005 0.7496678 0.01056475 0.7056205 0.917903 0.8329709 0.9220224 0.536227 0.2757332 0.9980552 0.1168787 0.6470405 0.8871326 0.4900365 0.9529895 0.7561586 0.04659613 0.4575589 0.04009071 0.4946234 0.9793793 0.06530954 0.2507982 0.509247 0.6825612 0.8128669 
Generation 20
0.5628732 0.04489267 0.925042 0.04274014 0.7381786 0.4036734 0.1598876 0.5415084 0.4621052 0.7631364 0.7446996 0.293457 0.1979827 0.3904468 0.5685853 0.02383632 0.8802285 0.7939252 0.4851333 0.3123263 0.3537222 0.1349678 0.6080557 0.5530986 0.7152702 0.7986193 0.1257501 0.3962998 0.5945647 0.1637924 0.9046054 0.390587 0.5965806 0.9031749 0.721957 0.9146436 0.4873249 0.4531728 0.6111433 0.4356283 0.8849362 0.3811928 0.1655603 0.191542 0.6624532 0.2333524 0.7324207 0.905077 -0.01811692 0.5493224 0.4874548 0.1186742 0.2416449 0.2882895 0.7003236 1.006785 0.2693782 0.8353514 0.5421835 0.4372595 0.2753755 0.8297524 0.6812487 
Generation 21
0.5478682 0.6328076 0.4106685 0.5143919 0.3604567 0.3261165 1.030979 0.06393636 0.6701497 0.7418444 0.9664549 0.3015561 0.2236694 0.2431567 0.5940757 0.9080992 0.7170881 0.5949023 0.9028603 0.7626415 0.8722295 0.6329749 0.1044213 0.8170556 0.9933442 0.6113113 0.01368714 0.04868919 -0.04852527 0.7104678 0.5084511 0.854142 0.3576711 0.8010461 0.6743487 0.05336105 0.08522234 0.7405549 0.2619815 0.6462176 0.1954898 0.5536239 0.3555711 0.1747024 0.8504278 0.8198832 0.4028521 -0.0408862 0.4366655 0.514219 0.3645011 0.305546 0.3776528 0.9486055 -0.04908231 0.9152175 -0.0282986 0.8201032 0.4025812 0.3092545 0.4034228 0.7125197 0.5618684 
Generation 22
0.9426873 0.726513 0.152545 0.9960626 0.1111722 0.9630978 0.6948341 0.294713 0.07886384 0.5814909 0.6146674 0.2052531 0.4068051 0.804967 0.6754367 0.6461114 0.8386471 0.9988893 0.8163542 0.6808307 0.6059886 0.2601635 0.0852957 0.5085895 0.2458971 -0.01403255 0.7091001 0.7203705 0.5058607 0.02086984 0.6860085 0.9713864 0.9800577 0.237804 0.4997422 0.5102314 0.3267043 0.3348693 0.2689875 0.9285731 0.2997676 0.8094813 0.002267208 0.7354778 0.2339673 0.436248 -0.00240511 0.4496443 0.8527496 0.1926152 -0.01914539 0.5147987 0.6948043 0.8515683 0.6375378 0.1152915 0.8126616 0.7081349 -0.07109015 0.7907234 0.6967265 0.6717121 0.5917147 
Generation 23
0.7557969 0.9768535 0.4228914 0.2672684 0.1840673 0.1573869 0.1446083 0.4503239 0.3701172 0.7123675 0.5676406 0.4290267 0.08540178 0.2765677 0.4198479 0.205949 0.9561174 0.1551097 0.9645361 0.1221372 0.6069573 0.9463133 0.5646102 0.2764308 0.9823986 0.157237 0.7152811 0.4090435 0.546313 0.1113352 0.1624552 0.8100736 0.1606413 0.0784571 0.1873735 0.5574517 0.9223216 0.1844913 0.855675 0.5982862 0.3478375 0.872906 0.9838335 0.3511203 0.2788408 0.907044 0.284742 0.1515283 0.8367776 0.4688728 0.7778467 0.1109274 0.491963 0.7220821 0.9552669 0.2461654 0.6945753 0.01177072 0.9230497 1.023395 0.6786508 0.001137052 0.5015223 
Generation 24
0.04890347 0.1021329 0.8583611 0.7672949 0.3723127 0.1931304 0.3580633 0.7344256 0.7360665 0.01731408 0.04578495 0.8619692 0.2725714 0.6615501 0.5060466 0.1353538 0.9136364 0.8320874 0.8487988 0.08792008 0.9184101 0.7488094 0.1311308 0.5602828 0.9260201 0.5400764 0.570479 0.1174147 0.5180644 0.4835767 0.6736929 0.7500247 0.375089 0.006140471 0.9878298 0.749272 0.6414421 0.1579765 0.8519751 0.424358 0.3937119 0.7231297 0.2831556 0.989318 0.2690778 0.09620334 0.8214763 0.1891926 0.1429672 0.528508 0.7247937 0.3819619 0.9473757 0.8066299 0.7133834 0.4075616 0.7489077 0.6626144 0.3506445 0.8163928 0.2550757 0.6194833 0.3817083 
Generation 25
0.5188619 0.9158556 0.5243639 0.3444722 -0.03132642 0.7807934 0.5276306 0.2632823 0.2303549 0.03912155 0.2520057 0.5607334 0.4100569 0.4603323 0.4392676 0.7455051 0.3110094 0.08806068 0.7440593 0.7746886 0.1680008 0.1722611 0.06683628 0.9654481 0.2094434 0.9459825 0.2630395 0.3553455 0.3842028 0.4988576 0.5448149 0.4722967 0.2831785 0.7013738 -0.03404479 -0.002651162 0.2967048 0.4788515 0.8630115 0.05845727 0.0447907 -0.05453015 0.672917 0.4907972 0.301479 0.6937599 0.73572 0.8169461 0.1873518 0.2900009 0.4096684 0.01053434 0.5257851 0.3224564 0.3596925 0.6145918 0.7920784 0.1391789 0.05969761 0.5113119 0.6756552 0.8294079 0.90241 
Generation 26
0.7800833 0.6620489 0.2906537 0.2347914 -0.02300985 0.5951294 0.6721762 0.2695226 0.5535073 0.5698464 0.5437691 -0.009679827 0.4636661 0.3509636 0.5206152 0.4357047 0.2901102 0.1306416 0.5979487 0.3902004 0.8812019 0.9406521 0.05490483 0.23423 0.40777 0.9329486 0.1578265 0.5285185 0.2433175 0.5423219 0.3695885 0.9831031 0.5620172 0.6364391 0.7927474 0.6436672 0.3988682 -0.03660018 0.9027371 0.4738402 1.028878 0.3973412 0.9169908 0.239512 0.7478765 0.7258298 0.5208524 0.680227 0.3428666 0.1003802 0.7452519 0.419847 0.3549029 0.3873262 0.4047481 0.1930477 0.2345289 0.8267225 0.9519066 0.4343927 0.8675321 0.6361092 0.4106504 
Generation 27
0.4565876 0.9510829 0.4682918 0.3859031 0.1140281 0.7307784 0.4106959 0.2165863 0.2895778 0.07129435 0.2719316 0.6783332 0.4130748 0.5034812 0.3483919 0.8400567 0.2734184 0.1605202 0.7824298 0.7218882 0.1135341 0.1486457 0.01906333 0.9497953 0.2695308 0.9111776 0.3303671 0.4793305 0.284422 0.5316939 0.5761391 0.67085 0.2860011 0.7051085 0.07457758 0.06574129 0.2743389 0.4354351 0.9095215 -0.03284036 -0.01437448 -0.003940828 0.7657523 0.5001836 0.2803922 0.7505686 0.84464 0.8499996 0.213161 0.313481 0.365302 0.1012301 0.5822014 0.351337 0.390689 0.5228593 0.7433147 0.08593111 0.190676 0.6006407 0.7105131 0.8872233 0.9501081 
Generation 28
0.4439876 0.9825011 0.4326434 0.2679614 0.1054551 0.655035 0.4281096 0.2410054 0.2213978 0.1099386 0.2949792 0.6412696 0.4189356 0.4798565 0.3784363 0.9464477 0.2014909 0.2042657 0.70707 0.6459889 0.1150808 0.08705328 -0.03647237 0.9481381 0.3041195 0.90131 0.2923735 0.471051 0.2455026 0.5732833 0.598968 0.6821018 0.2936308 0.7317978 0.04003473 0.001509985 0.2584539 0.4224805 0.9719899 -0.03907528 -0.07123546 -0.09636338 0.8795928 0.4579079 0.2587977 0.6255253 0.7865329 0.7032501 0.2072143 0.333719 0.3179184 0.1160673 0.6192966 0.2631471 0.3721352 0.5417054 0.7456782 -0.007040323 0.1877199 0.5377032 0.6899905 0.888922 0.9649876 
Generation 29
0.04890347 0.1021329 0.8583611 0.7672949 0.3723127 0.1931304 0.3580633 0.7344256 0.7360665 0.01731408 0.04578495 0.8619692 0.2725714 0.6615501 0.5060466 0.1353538 0.9136364 0.8320874 0.8487988 0.08792008 0.9184101 0.7488094 0.1311308 0.5602828 0.9260201 0.5400764 0.570479 0.1174147 0.5180644 0.4835767 0.6736929 0.7500247 0.375089 0.006140471 0.9878298 0.749272 0.6414421 0.1579765 0.8519751 0.424358 0.3937119 0.7231297 0.2831556 0.989318 0.2690778 0.09620334 0.8214763 0.1891926 0.1429672 0.528508 0.7247937 0.3819619 0.9473757 0.8066299 0.7133834 0.4075616 0.7489077 0.6626144 0.3506445 0.8163928 0.2550757 0.6194833 0.3817083 
Generation 30
0.4349393 0.9009368 0.4431571 0.2798901 -0.04150461 0.7719159 0.4129719 0.3071612 0.3162566 0.07328185 0.2265798 0.6576084 0.3699458 0.548815 0.3230626 0.8338935 0.2429433 0.1720456 0.750844 0.7874563 0.2115544 0.1234811 -0.01177461 0.9999039 0.119902 0.8731365 0.3087747 0.4481363 0.2448213 0.5541078 0.568027 0.557206 0.2318105 0.6666179 0.06902127 0.1125353 0.350223 0.4224662 0.8747494 0.07778145 0.04223245 0.1137613 0.6413728 0.4953499 0.2609764 0.7505859 0.7593094 0.8161072 0.2565876 0.3547314 0.272619 0.1029298 0.6222261 0.3436213 0.404234 0.4523235 0.8454134 0.03942367 0.124777 0.5422538 0.7422427 0.8466381 1.046629 
Generation 31
0.04890347 0.1021329 0.8583611 0.7672949 0.3723127 0.1931304 0.3580633 0.7344256 0.7360665 0.01731408 0.04578495 0.8619692 0.2725714 0.6615501 0.5060466 0.1353538 0.9136364 0.8320874 0.8487988 0.08792008 0.9184101 0.7488094 0.1311308 0.5602828 0.9260201 0.5400764 0.570479 0.1174147 0.5180644 0.4835767 0.6736929 0.7500247 0.375089 0.006140471 0.9878298 0.749272 0.6414421 0.1579765 0.8519751 0.424358 0.3937119 0.7231297 0.2831556 0.989318 0.2690778 0.09620334 0.8214763 0.1891926 0.1429672 0.528508 0.7247937 0.3819619 0.9473757 0.8066299 0.7133834 0.4075616 0.7489077 0.6626144 0.3506445 0.8163928 0.2550757 0.6194833 0.3817083 
Generation 32
0.04890347 0.1021329 0.8583611 0.7672949 0.3723127 0.1931304 0.3580633 0.7344256 0.7360665 0.01731408 0.04578495 0.8619692 0.2725714 0.6615501 0.5060466 0.1353538 0.9136364 0.8320874 0.8487988 0.08792008 0.9184101 0.7488094 0.1311308 0.5602828 0.9260201 0.5400764 0.570479 0.1174147 0.5180644 0.4835767 0.6736929 0.7500247 0.375089 0.006140471 0.9878298 0.749272 0.6414421 0.1579765 0.8519751 0.424358 0.3937119 0.7231297 0.2831556 0.989318 0.2690778 0.09620334 0.8214763 0.1891926 0.1429672 0.528508 0.7247937 0.3819619 0.9473757 0.8066299 0.7133834 0.4075616 0.7489077 0.6626144 0.3506445 0.8163928 0.2550757 0.6194833 0.3817083 
Generation 33
0.8239895 0.7824197 0.7804025 0.1764942 0.3771675 0.3084329 0.2950087 0.5200582 0.2572844 0.291529 0.8711093 0.6735284 0.5887619 0.4805689 0.2641918 0.2609048 0.1442007 0.8934874 0.8998368 0.2301642 0.6469914 0.3075738 0.9702418 0.2961218 0.5103589 0.1399557 0.6512844 1.066023 0.6332149 0.08584312 0.5437337 0.6760095 0.5527742 0.6199616 0.1407168 0.648243 0.3070724 0.7683557 0.4649414 0.1720898 0.07804545 0.3031917 0.2607906 0.4259519 0.5952501 0.5139246 0.06179965 0.5776827 0.5883198 0.590058 0.8943696 0.777139 0.617642 0.3988511 0.9902495 0.2107196 0.1959202 0.9584213 0.9430334 0.4694355 0.1092022 0.9922469 1.064615 
Generation 34
0.6560253 0.8382686 0.753614 0.2330244 0.3722831 0.5315277 0.2714351 0.008688032 0.8765564 0.8041478 0.8172892 0.6223953 0.4126198 1.032937 0.3423761 0.6000197 0.4701689 0.7612172 0.1149413 0.1608298 0.8727893 0.1522114 0.16068 0.2797651 0.4323076 0.1945409 1.038754 0.1304346 0.8991321 0.1259737 0.2721411 0.5775702 0.8384016 0.7142857 0.4698262 0.962447 0.7733777 0.8035201 0.3738143 0.08068738 0.1399063 0.7150486 0.1262496 0.7820412 1.036392 0.4577874 0.4040492 0.3042392 0.6563425 0.1878721 0.8349833 0.2100621 0.5153077 0.4872228 0.4972993 0.2903903 0.7891861 0.8581504 0.8468013 0.1007145 0.04757318 0.7210124 0.3814129 
Generation 35
0.6499457 0.5712569 0.5227314 0.604292 0.3529224 0.3666368 0.9554424 -0.02085912 0.697559 0.6508738 0.911659 0.3327506 0.1992878 0.2675405 0.5592396 0.9215037 0.6486772 0.552081 0.9428853 0.7175844 0.9698192 0.5607931 0.09636215 0.8557985 0.935913 0.6066304 0.1411446 0.07096261 -0.0002651804 0.7476756 0.4902448 0.7157271 0.4533817 0.7220064 0.7335489 0.04477646 0.02237726 0.8014114 0.2717648 0.682662 0.2024348 0.625224 0.3630771 0.1890008 0.9232044 0.7744561 0.3099508 0.009677213 0.4756646 0.548082 0.3215119 0.266027 0.3187222 0.9654515 0.01360259 0.8480557 -0.03344122 0.9424608 0.4116957 0.4323012 0.3821996 0.6894883 0.6029039 
Generation 36
0.4559211 0.9744669 0.5575653 0.3202156 0.005123477 0.6858241 0.47021 0.1889629 0.2634933 0.03495351 0.1888231 0.596491 0.3647309 0.4971928 0.4064224 0.7312293 0.3016495 0.1565566 0.8331063 0.8932955 0.1838117 0.1350127 0.1166066 1.034048 0.168111 0.835039 0.3383248 0.4508487 0.2851204 0.5296077 0.5717158 0.6285212 0.3234267 0.6194468 -0.02051012 0.09190963 0.2401072 0.4920672 0.8762692 0.01461476 0.02189162 0.1023834 0.6447678 0.5099647 0.3511144 0.6847987 0.7262474 0.8726206 0.2144136 0.3976697 0.4563127 0.04612737 0.6537858 0.3174925 0.4911226 0.5519987 0.8140231 0.0675282 0.1317506 0.4284563 0.581255 0.7391207 1.109269 
Generation 37
0.837149 0.6674432 0.291141 0.322447 0.02176214 0.6468404 0.5143428 0.2420948 0.3834057 0.6893318 0.5890841 0.1691748 0.5099074 0.213743 0.5185243 0.4075056 0.1320084 0.05804165 0.5387204 0.4495725 0.8229381 0.8523985 0.1015359 0.10807 0.4484687 0.9625 0.1417209 0.5319265 0.3413033 0.5184177 0.3140409 0.9769573 0.6803898 0.5377636 0.8172087 0.7222449 0.5299086 0.01942345 0.9143 0.5694674 1.004761 0.4186402 0.926171 0.2095549 0.8301608 0.716174 0.4102449 0.6909065 0.4183911 0.2229617 0.597712 0.4535083 0.4577602 0.3925532 0.4547873 0.2702368 0.2919701 0.7199627 1.002841 0.4469223 0.9389046 0.6378372 0.4065283 
Generation 38
0.4175057 1.061027 0.5891954 0.2731574 -0.04695617 0.7047845 0.486772 0.2315275 0.230593 0.02066728 0.1952533 0.525165 0.3806153 0.5535683 0.2892475 0.6469022 0.2270762 0.1193596 0.8075769 0.9331939 0.2555089 0.1837003 0.07031188 1.005482 0.07708708 0.8094583 0.2971902 0.4190545 0.3424329 0.5104448 0.6506637 0.6316261 0.4060852 0.6529192 -0.1954648 0.09924272 0.2170888 0.538913 0.9323774 0.0005354966 0.1241497 0.07843285 0.6168728 0.5151 0.4572909 0.6562503 0.7060702 0.8428484 0.1732297 0.4960829 0.4992488 0.03066386 0.5503612 0.3826521 0.5159303 0.5527733 0.6942017 -0.03111302 0.1411316 0.5439922 0.68725 0.7357354 1.05623 
Generation 39
0.04890347 0.1021329 0.8583611 0.7672949 0.3723127 0.1931304 0.3580633 0.7344256 0.7360665 0.01731408 0.04578495 0.8619692 0.2725714 0.6615501 0.5060466 0.1353538 0.9136364 0.8320874 0.8487988 0.08792008 0.9184101 0.7488094 0.1311308 0.5602828 0.9260201 0.5400764 0.570479 0.1174147 0.5180644 0.4835767 0.6736929 0.7500247 0.375089 0.006140471 0.9878298 0.749272 0.6414421 0.1579765 0.8519751 0.424358 0.3937119 0.7231297 0.2831556 0.989318 0.2690778 0.09620334 0.8214763 0.1891926 0.1429672 0.528508 0.7247937 0.3819619 0.9473757 0.8066299 0.7133834 0.4075616 0.7489077 0.6626144 0.3506445 0.8163928 0.2550757 0.6194833 0.3817083 
Generation 40
0.1208838 0.8766544 0.5367586 0.6517167 0.2736682 0.4353212 0.4021944 0.5711161 0.9490139 0.5119492 1.021926 0.9518945 0.7099954 1.001762 0.7536772 0.8068631 0.1555576 0.2813159 0.4413074 0.1251105 0.6806805 0.9687963 0.704317 0.7227601 0.1414947 0.3519616 0.3318502 0.8939284 0.2077341 0.7608422 -0.04955711 0.6816637 0.2804618 0.07740153 0.6411298 0.5884411 0.305077 0.6091217 0.3021833 0.5840506 -0.0140473 0.4505709 0.155007 0.8550537 0.4812208 -0.01191358 0.4672894 0.7109916 0.5533948 0.2724187 0.008771656 0.1416975 0.3199654 0.3481641 0.6865883 0.3831292 0.9132153 0.06749158 0.303077 0.6832998 0.8392992 0.1366754 0.65231 
Generation 41
0.649746 0.4994918 0.4448029 0.5119281 0.3241355 0.3026854 0.9707554 0.09986418 0.7095314 0.631205 0.988124 0.2901977 0.3101487 0.2576302 0.565486 0.8685186 0.8372149 0.6441565 0.8889166 0.7752011 0.8420177 0.5056298 0.188469 0.885124 0.8814805 0.5715126 -0.0150532 0.09155533 0.03449247 0.8052921 0.5312137 0.8552785 0.44284 0.776403 0.8083783 0.06260543 -0.008872838 0.7849653 0.1960596 0.715678 0.16014 0.6627046 0.4452764 0.277063 0.8952541 0.8370233 0.3820736 0.1016597 0.5532202 0.6461883 0.3472864 0.3670458 0.3109296 0.9300006 -0.07045381 0.9134009 0.04676963 0.7882999 0.4973859 0.295579 0.3844368 0.6111838 0.5520834 
Generation 42
0.8278217 0.8530953 0.8659831 0.2143545 0.3782952 0.3662825 0.2822453 0.4183083 0.2910714 0.336473 0.800851 0.7105948 0.4664047 0.4431307 0.13737 0.2603456 0.1564628 0.8012749 0.8728565 0.2093282 0.6997979 0.2677768 0.9420679 0.3851279 0.437483 0.1145309 0.6624297 0.9327884 0.6456497 0.01329403 0.5281413 0.6936576 0.5578612 0.496331 -0.005470262 0.666845 0.2618278 0.745913 0.4606278 0.2017213 0.006799913 0.1992384 0.3191457 0.475497 0.5770612 0.5098882 0.08726814 0.6681512 0.5341239 0.5952967 0.9213575 0.7859666 0.5880082 0.4398486 1.001231 0.1969906 0.197917 0.914943 0.8382689 0.5346463 0.06445121 0.8830442 0.9272354 
Generation 43
0.6574346 -0.002001451 0.08148411 0.5662084 0.6149637 0.1346558 0.8046324 0.5438768 0.8496272 0.008298598 0.3100707 0.03416436 0.9780111 0.8305671 -0.0415544 1.046709 0.2990513 0.4280368 0.9268205 0.6714754 0.4981994 0.6554017 0.8690377 0.3409366 0.6290542 0.6811353 0.9730328 0.3382578 0.3190333 0.6166725 0.5936995 0.185587 0.5064339 0.2356953 1.020058 0.8679303 0.4661329 0.5947512 0.2222713 0.2292631 0.02583016 0.8984413 0.3677353 0.161015 0.664565 0.6389061 0.1523516 0.3587619 0.01575866 0.8248065 0.07518429 0.1017335 0.3987672 0.3925495 1.01605 0.9098804 -0.04565672 0.2771439 0.08419884 0.3835591 0.9360268 0.4430879 0.352749 
Generation 44
0.04890347 0.1021329 0.8583611 0.7672949 0.3723127 0.1931304 0.3580633 0.7344256 0.7360665 0.01731408 0.04578495 0.8619692 0.2725714 0.6615501 0.5060466 0.1353538 0.9136364 0.8320874 0.8487988 0.08792008 0.9184101 0.7488094 0.1311308 0.5602828 0.9260201 0.5400764 0.570479 0.1174147 0.5180644 0.4835767 0.6736929 0.7500247 0.375089 0.006140471 0.9878298 0.749272 0.6414421 0.1579765 0.8519751 0.424358 0.3937119 0.7231297 0.2831556 0.989318 0.2690778 0.09620334 0.8214763 0.1891926 0.1429672 0.528508 0.7247937 0.3819619 0.9473757 0.8066299 0.7133834 0.4075616 0.7489077 0.6626144 0.3506445 0.8163928 0.2550757 0.6194833 0.3817083 
Generation 45
0.1400609 0.08030346 0.8714989 0.9519287 0.1105231 0.4039211 0.830194 0.4822617 0.03468081 0.9207271 0.8234049 0.9371662 0.7192543 0.5847535 0.2634128 0.1494046 0.7187251 0.8252208 0.301865 0.3300162 0.1384286 0.7809344 0.6313149 0.7894617 0.9593934 0.8764133 0.9652877 0.09384928 0.6028972 0.1004594 0.2367637 0.6004479 0.855213 1.006521 0.3922489 -0.02867724 0.8420283 0.1908217 0.3681607 0.08628269 0.03186249 0.7327241 0.7556515 0.2775051 0.4617205 0.6450685 0.3797534 0.1658119 0.1899593 0.5512586 0.3218865 0.1596959 0.1547559 0.9648363 0.5021823 1.011492 0.7714089 0.09709586 0.7919625 0.6846207 -0.008303082 0.4405338 0.9401264 
Generation 46
0.08555487 0.07228161 0.7162339 0.8867587 0.09602542 0.2822038 0.8203963 0.4317023 0.01186131 0.992926 0.7821088 0.9448313 0.7075056 0.8048747 0.1316244 0.04799939 0.7495496 0.8429769 0.3935653 0.3354931 0.1284813 0.8068265 0.6673496 0.7889552 0.870563 0.9329889 0.8854845 0.04662148 0.5696285 0.1127686 0.2474436 0.5620884 0.9889503 0.9622763 0.4891902 0.08957328 0.804801 0.1929921 0.3907768 0.05974853 0.05796991 0.7702969 0.7777079 0.3403634 0.5559967 0.6434577 0.4094802 0.1214742 0.1773952 0.5765114 0.3223664 0.1186878 0.0499298 0.9565591 0.5862952 0.9318693 0.6984422 0.1171331 0.8507077 0.5450554 0.05878283 0.4146034 0.9331542 
Generation 47
0.04890347 0.1021329 0.8583611 0.7672949 0.3723127 0.1931304 0.3580633 0.7344256 0.7360665 0.01731408 0.04578495 0.8619692 0.2725714 0.6615501 0.5060466 0.1353538 0.9136364 0.8320874 0.8487988 0.08792008 0.9184101 0.7488094 0.1311308 0.5602828 0.9260201 0.5400764 0.570479 0.1174147 0.5180644 0.4835767 0.6736929 0.7500247 0.375089 0.006140471 0.9878298 0.749272 0.6414421 0.1579765 0.8519751 0.424358 0.3937119 0.7231297 0.2831556 0.989318 0.2690778 0.09620334 0.8214763 0.1891926 0.1429672 0.528508 0.7247937 0.3819619 0.9473757 0.8066299 0.7133834 0.4075616 0.7489077 0.6626144 0.3506445 0.8163928 0.2550757 0.6194833 0.3817083 
Generation 48
0.740749 1.014549 0.4270011 0.31037 0.2275182 0.1853598 0.2365011 0.4023234 0.3370837 0.5965817 0.5803931 0.456051 -0.01267468 0.2730935 0.5623148 0.138797 0.8472737 0.189374 0.8931831 0.03680981 0.6741065 0.9726644 0.5174248 0.1880598 1.013835 0.1264036 0.6443314 0.4425974 0.512536 0.1361422 0.2255648 0.7651743 0.1787032 -0.002670586 0.1976744 0.6190247 0.9484981 0.1315266 0.8896153 0.5110434 0.3961158 0.8835409 1.041114 0.4321219 0.352545 0.9263412 0.3011338 0.2115739 0.9508646 0.4169188 0.8215989 0.01022188 0.616395 0.6963487 1.004374 0.1305615 0.8594679 -0.02839066 0.9587271 1.032248 0.6465904 0.01027337 0.5886429 
Generation 49
0.1362418 0.05491545 0.8832762 0.9164122 0.0971159 0.2725949 0.839878 0.5479372 0.001865564 0.9356826 0.9027793 0.9757214 0.7408214 0.6587368 0.1611908 0.1649347 0.7548214 0.9123198 0.3247974 0.3747506 0.1985294 0.7782658 0.5965241 0.6967484 0.8955881 0.9422178 0.8964413 0.07535566 0.6014203 0.1104976 0.1937007 0.6396529 0.8467826 1.046412 0.4739195 0.1463527 0.7882496 0.1861137 0.331628 0.07401811 -0.02781761 0.7313169 0.7567754 0.3482308 0.5073442 0.6039947 0.3509687 0.2027191 0.1909663 0.6285304 0.3617305 0.1734652 0.1414253 0.9641788 0.6135009 0.8792194 0.7239662 0.01789758 0.7230344 0.5339843 0.0006735392 0.490794 0.8902705 
Generation 50
0.04890347 0.1021329 0.8583611 0.7672949 0.3723127 0.1931304 0.3580633 0.7344256 0.7360665 0.01731408 0.04578495 0.8619692 0.2725714 0.6615501 0.5060466 0.1353538 0.9136364 0.8320874 0.8487988 0.08792008 0.9184101 0.7488094 0.1311308 0.5602828 0.9260201 0.5400764 0.570479 0.1174147 0.5180644 0.4835767 0.6736929 0.7500247 0.375089 0.006140471 0.9878298 0.749272 0.6414421 0.1579765 0.8519751 0.424358 0.3937119 0.7231297 0.2831556 0.989318 0.2690778 0.09620334 0.8214763 0.1891926 0.1429672 0.528508 0.7247937 0.3819619 0.9473757 0.8066299 0.7133834 0.4075616 0.7489077 0.6626144 0.3506445 0.8163928 0.2550757 0.6194833 0.3817083 
Generation 51
0.7056486 0.7945493 0.8527608 0.1203682 0.2974576 0.3698743 0.3025216 0.4891102 0.1831719 0.2488609 0.8170128 0.7290741 0.5328285 0.5241148 0.178666 0.229685 0.1836156 0.9100757 0.9914258 0.1834679 0.668882 0.2835275 0.8982626 0.4123393 0.4564269 0.1428417 0.559016 1.00148 0.6257722 0.09905683 0.5345245 0.6193302 0.4392391 0.6914995 0.04804844 0.5701389 0.2736378 0.8370028 0.4339227 0.1594376 0.0709502 0.3052245 0.2666836 0.3108365 0.6044585 0.4907559 0.1000771 0.6057969 0.571978 0.4460249 0.872333 0.7714302 0.5508853 0.3879549 0.9431638 0.2393744 0.2138849 0.972469 0.8162695 0.5229822 0.05302912 0.9266055 0.9946633 
Generation 52
0.9071625 0.663425 0.2196826 0.2514026 0.02682539 0.6696462 0.5538547 0.1632386 0.4430224 0.6705651 0.657475 0.1213632 0.6136301 0.2646382 0.4389975 0.3840621 0.1304484 0.1785714 0.5544829 0.3914723 0.8448363 0.9720573 0.0268461 0.2807153 0.5155464 0.927151 0.129627 0.5881251 0.3454924 0.5553207 0.2196166 0.9983021 0.6973562 0.6349799 0.7537642 0.6859059 0.470579 0.04300579 0.9095871 0.5020835 0.9754264 0.509603 0.8950046 0.1997931 0.7765384 0.6833225 0.4515433 0.7767178 0.419296 0.2002019 0.8081728 0.4607719 0.3443824 0.4100671 0.4033732 0.1911309 0.1928799 0.7933641 0.8690096 0.4814342 0.9275952 0.695669 0.4411367 
Generation 53
0.4629742 0.8996099 0.5031589 0.3126743 0.02744326 0.8261464 0.4216023 0.2819488 0.3241879 0.1619369 0.3810872 0.5933022 0.3411966 0.5474221 0.382971 0.7926737 0.3069205 0.1419811 0.7734231 0.8154323 0.2048695 0.1562776 0.05911162 0.9263626 0.1442314 0.8777408 0.3887298 0.4557382 0.1799928 0.5249818 0.4036331 0.5452697 0.2890116 0.6738784 -0.0241081 0.1099155 0.309796 0.4866273 0.8985567 0.05233569 0.06382052 -0.03284008 0.6514966 0.4402929 0.2698855 0.5948905 0.8276798 0.9236314 0.2255507 0.34862 0.4129464 -0.02738276 0.6637354 0.3560783 0.4416892 0.4548237 0.8139432 -0.03219047 0.1236636 0.6408759 0.644551 0.8788726 1.009593 
Generation 54
0.975071 0.509623 0.764078 0.001764846 0.1870702 0.7632051 0.2736665 0.9387144 0.4541743 1.045563 0.9513996 0.5305965 0.8533288 0.4698031 0.4421054 0.8267242 0.1887674 1.06828 0.1920351 0.7515945 0.1623174 0.4606696 0.648705 0.7265698 0.7280044 0.7848727 0.4789409 0.1349958 0.895964 0.5615481 0.2665966 0.9971236 0.1451244 0.3525546 0.3130751 0.8192317 0.0292174 0.1290321 0.9420982 0.8734781 0.4167233 0.3212065 0.7092003 0.8662789 0.4987325 0.1176803 0.726199 0.05698073 0.3038531 0.960732 0.7946685 0.9527694 0.8973066 0.2367247 0.2042373 0.07303635 0.6653096 0.2464576 0.5448048 0.1691697 0.7523481 0.5811347 0.4195631 
Generation 55
0.04890347 0.1021329 0.8583611 0.7672949 0.3723127 0.1931304 0.3580633 0.7344256 0.7360665 0.01731408 0.04578495 0.8619692 0.2725714 0.6615501 0.5060466 0.1353538 0.9136364 0.8320874 0.8487988 0.08792008 0.9184101 0.7488094 0.1311308 0.5602828 0.9260201 0.5400764 0.570479 0.1174147 0.5180644 0.4835767 0.6736929 0.7500247 0.375089 0.006140471 0.9878298 0.749272 0.6414421 0.1579765 0.8519751 0.424358 0.3937119 0.7231297 0.2831556 0.989318 0.2690778 0.09620334 0.8214763 0.1891926 0.1429672 0.528508 0.7247937 0.3819619 0.9473757 0.8066299 0.7133834 0.4075616 0.7489077 0.6626144 0.3506445 0.8163928 0.2550757 0.6194833 0.3817083 
Generation 56
0.04890347 0.1021329 0.8583611 0.7672949 0.3723127 0.1931304 0.3580633 0.7344256 0.7360665 0.01731408 0.04578495 0.8619692 0.2725714 0.6615501 0.5060466 0.1353538 0.9136364 0.8320874 0.8487988 0.08792008 0.9184101 0.7488094 0.1311308 0.5602828 0.9260201 0.5400764 0.570479 0.1174147 0.5180644 0.4835767 0.6736929 0.7500247 0.375089 0.006140471 0.9878298 0.749272 0.6414421 0.1579765 0.8519751 0.424358 0.3937119 0.7231297 0.2831556 0.989318 0.2690778 0.09620334 0.8214763 0.1891926 0.1429672 0.528508 0.7247937 0.3819619 0.9473757 0.8066299 0.7133834 0.4075616 0.7489077 0.6626144 0.3506445 0.8163928 0.2550757 0.6194833 0.3817083 
Generation 57
0.04890347 0.1021329 0.8583611 0.7672949 0.3723127 0.1931304 0.3580633 0.7344256 0.7360665 0.01731408 0.04578495 0.8619692 0.2725714 0.6615501 0.5060466 0.1353538 0.9136364 0.8320874 0.8487988 0.08792008 0.9184101 0.7488094 0.1311308 0.5602828 0.9260201 0.5400764 0.570479 0.1174147 0.5180644 0.4835767 0.6736929 0.7500247 0.375089 0.006140471 0.9878298 0.749272 0.6414421 0.1579765 0.8519751 0.424358 0.3937119 0.7231297 0.2831556 0.989318 0.2690778 0.09620334 0.8214763 0.1891926 0.1429672 0.528508 0.7247937 0.3819619 0.9473757 0.8066299 0.7133834 0.4075616 0.7489077 0.6626144 0.3506445 0.8163928 0.2550757 0.6194833 0.3817083 
Generation 58
0.4934824 0.9086406 0.4780061 0.2514161 -0.0627315 0.6769283 0.4509538 0.2491387 0.316333 0.06858204 0.3064431 0.7691802 0.4470183 0.5967339 0.4744057 0.8431326 0.2676484 0.1234817 0.8529583 0.6732083 0.1923233 0.1063415 -0.04095759 1.037262 0.02171403 0.8972316 0.353363 0.5264257 0.2421795 0.5864 0.5044869 0.5708236 0.2613016 0.7505726 -0.01344009 0.06366764 0.1956864 0.4559049 0.8222204 0.1239737 0.1090021 -0.001848586 0.5731969 0.4494045 0.4279207 0.6542609 0.7739516 0.8919034 0.1984994 0.2786576 0.3664803 0.1160742 0.6089839 0.3655793 0.4814809 0.5277359 0.8858728 0.08588602 0.1805023 0.5261647 0.6411611 0.8762186 1.008646 
Generation 59
0.5003998 0.9099047 0.4304071 0.2640689 -0.07706236 0.6379561 0.4712229 0.1762446 0.3033544 0.0237241 0.3193443 0.7356285 0.4121189 0.5868074 0.3875096 0.8318962 0.3285961 0.101837 0.7816311 0.6893134 0.2306187 0.1026178 -0.01228588 0.9857969 0.02874512 0.9679015 0.4229839 0.5668096 0.3138912 0.5548226 0.470116 0.5250596 0.2984363 0.8006411 -0.04021546 0.1491564 0.1605185 0.4334833 0.8307542 0.07986635 0.07803529 0.0004255998 0.5350795 0.4781005 0.4513597 0.6109412 0.7166249 0.9296222 0.1639835 0.1638167 0.372025 0.1523455 0.603944 0.2984655 0.4835481 0.561332 0.8589852 0.04496435 0.174698 0.4574786 0.6270185 0.9236519 0.9465597 
Generation 60
0.1883077 0.8720562 0.5221638 0.6878039 0.2765475 0.424891 0.4185059 0.5434672 0.9604657 0.4288327 0.9701561 0.9197685 0.77627 0.8714995 0.626204 0.9472988 0.1544129 0.1570113 0.3969376 0.217725 0.7741931 0.8601332 0.6080014 0.7441728 0.1433734 0.2416045 0.3217341 0.7982195 0.2692656 0.8717305 -0.06763466 0.7267725 0.4596159 0.05694949 0.5203301 0.548355 0.145293 0.6078814 0.2716611 0.5730098 0.08229006 0.5045295 0.2673911 0.7274567 0.3466432 -0.006514154 0.5653212 0.6678011 0.5714506 0.3466801 0.05113126 0.2261394 0.2115258 0.3369916 0.7881603 0.3458697 0.9353113 0.1642186 0.2404552 0.6981633 0.950461 0.2085812 0.7380534 
Generation 61
0.9448862 0.4505013 0.7833447 0.04166688 0.2367182 0.8148976 0.2712688 0.8466528 0.6002223 0.9882731 0.8971325 0.5338967 0.7780012 0.530838 0.3438339 0.7906928 0.2442922 0.9375831 0.1003787 0.7822248 0.1481321 0.3959545 0.6534466 0.6667675 0.6780473 0.7064487 0.4403856 0.17785 0.8576853 0.485911 0.2673962 0.8994446 0.08438002 0.265398 0.2188142 0.7440155 -0.02189438 0.1389873 0.957728 0.8479754 0.5081802 0.2681479 0.6941023 0.9607908 0.4741899 0.0001097521 0.7643023 0.04346372 0.1988379 0.9818796 0.8126491 0.8658993 0.814311 0.1620428 0.2482841 0.08971866 0.6261653 0.3237486 0.6253102 0.1426184 0.742834 0.6033232 0.3888001 
Generation 62
0.6155493 0.8412547 0.7001401 0.08637669 0.3630865 0.4317992 0.1843027 0.000154225 0.9598778 0.8391007 0.7942608 0.6701541 0.3182851 0.9634736 0.2506987 0.5130739 0.4846888 0.7705642 0.05767595 0.181072 0.9934398 0.188946 0.1852906 0.369979 0.5077401 0.2684073 0.9658918 0.1780845 0.930931 0.1793795 0.3831867 0.5956442 0.7476003 0.7269286 0.5427611 0.9489855 0.8106148 0.7603741 0.4088515 0.05460906 0.1193951 0.838586 0.06936439 0.8313989 1.063622 0.4168509 0.4101957 0.254278 0.6067069 0.1477965 0.8034584 0.2404238 0.4623568 0.5654202 0.3724844 0.2722235 0.7902817 0.8163953 0.9306479 0.05335287 0.05794111 0.6557428 0.452796 
Generation 63
0.573362 0.06734881 0.8699588 0.1787481 0.7045808 0.3885516 0.1424923 0.5455301 0.4431094 0.6784284 0.8095015 0.05436527 0.2212922 0.3963743 0.4710302 0.1535591 0.8246641 0.8726526 0.4566913 0.1678709 0.2005473 0.2016246 0.4869474 0.6686139 0.7660214 0.6603094 0.2154399 0.3329493 0.5896455 0.09442297 0.8788887 0.3869599 0.4870631 0.7369244 0.8440127 0.831833 0.424768 0.4888074 0.6690568 0.3911718 0.8886319 0.2872151 0.1777397 0.1850166 0.612713 0.1661138 0.6022 0.9601545 0.1352923 0.447466 0.6067222 0.1872207 0.3118309 0.2518685 0.5885171 0.9069825 0.2732829 0.8157549 0.3731976 0.438038 0.3052106 0.73927 0.7844105 
Generation 64
0.04890347 0.1021329 0.8583611 0.7672949 0.3723127 0.1931304 0.3580633 0.7344256 0.7360665 0.01731408 0.04578495 0.8619692 0.2725714 0.6615501 0.5060466 0.1353538 0.9136364 0.8320874 0.8487988 0.08792008 0.9184101 0.7488094 0.1311308 0.5602828 0.9260201 0.5400764 0.570479 0.1174147 0.5180644 0.4835767 0.6736929 0.7500247 0.375089 0.006140471 0.9878298 0.749272 0.6414421 0.1579765 0.8519751 0.424358 0.3937119 0.7231297 0.2831556 0.989318 0.2690778 0.09620334 0.8214763 0.1891926 0.1429672 0.528508 0.7247937 0.3819619 0.9473757 0.8066299 0.7133834 0.4075616 0.7489077 0.6626144 0.3506445 0.8163928 0.2550757 0.6194833 0.3817083 
Generation 65
0.5756934 0.8836381 0.7159707 0.161793 0.3004035 0.5450478 0.2266419 -0.04529977 0.8448508 0.6704336 0.7906741 0.7229835 0.4758075 1.046635 0.1969677 0.6153357 0.4867931 0.7047522 0.1109129 0.2725758 0.9229055 0.01752506 0.08644526 0.3154331 0.5270204 0.2718348 1.001216 0.1031599 0.8982078 0.01888791 0.3423226 0.5561652 0.804772 0.7525015 0.5394224 0.9972436 0.711809 0.7698972 0.3703017 0.1396201 0.09629128 0.8903427 0.09729324 0.8101864 0.952634 0.4328702 0.3192426 0.3732308 0.5420831 0.1408183 0.9002829 0.206282 0.5785089 0.5378413 0.391277 0.2677261 0.6729898 0.8179079 1.029547 0.07298662 -0.02003888 0.5800097 0.426925 
Generation 66
0.9049945 0.5634394 0.3434697 0.3784711 -0.01229317 0.6377745 0.7633148 0.2469441 0.4277051 0.6645334 0.526212 0.1832483 0.5731226 0.2809193 0.4256742 0.4330902 0.1754118 0.1570945 0.5860897 0.3175701 0.8233551 0.9172596 0.004434363 0.2092202 0.4683646 0.9420505 0.20169 0.5868208 0.3583326 0.5874326 0.2868557 0.9160453 0.5529735 0.6625824 0.7551484 0.6228715 0.52155 0.02974864 0.8676221 0.5164812 0.9497123 0.4889775 0.8909898 0.2748777 0.7732071 0.6298826 0.3686116 0.8067174 0.4637253 0.1633893 0.6764106 0.4651978 0.3158245 0.4301534 0.4669877 0.166677 0.1847237 0.7528048 0.926932 0.4156075 0.8697293 0.6596776 0.4081696 
Generation 67
0.9308254 0.5289413 0.3576679 0.4546463 0.01881246 0.6513235 0.8171796 0.2449605 0.4576234 0.647008 0.5857551 0.239144 0.5918817 0.2973502 0.3868865 0.3317738 0.2807522 0.1169176 0.5148162 0.3562276 0.7690361 0.8935779 -0.03100379 0.08946961 0.5392703 0.9948458 0.166221 0.5435445 0.332651 0.6270405 0.2935152 0.9303185 0.6035669 0.6454831 0.6866866 0.6043206 0.5298079 -0.01839978 0.8087375 0.4745302 1.010452 0.4045964 0.906584 0.3206141 0.8047257 0.70042 0.3569098 0.7699564 0.4682021 0.1319923 0.7327244 0.4341177 0.298995 0.4512915 0.4517264 0.1601291 0.2145709 0.7102883 1.008837 0.4752791 0.8529264 0.7106799 0.4598671 
Generation 68
0.1967297 0.1390393 0.8031543 0.8739032 0.05518879 0.247336 0.7717738 0.4549607 -0.0015217 0.9363527 0.8519078 0.9635745 0.6668743 0.6085379 0.1384125 0.2046983 0.7161492 0.8438614 0.3481217 0.3381218 0.08239401 0.7660657 0.5300687 0.71935 0.9211347 0.924899 0.9301885 0.02946771 0.5492865 0.003762752 0.2061136 0.6777321 0.891784 1.047418 0.4412618 0.07334065 0.8089328 0.2686041 0.3527068 0.06967858 0.04183752 0.7549852 0.7159976 0.2350085 0.5030955 0.530276 0.419961 0.129232 0.1512 0.5300461 0.2864854 0.2131373 0.117344 1.057752 0.5744835 0.9385741 0.7075894 0.1257913 0.7359325 0.5826078 0.04701785 0.4478827 0.9812726 
Generation 69
0.04890347 0.1021329 0.8583611 0.7672949 0.3723127 0.1931304 0.3580633 0.7344256 0.7360665 0.01731408 0.04578495 0.8619692 0.2725714 0.6615501 0.5060466 0.1353538 0.9136364 0.8320874 0.8487988 0.08792008 0.9184101 0.7488094 0.1311308 0.5602828 0.9260201 0.5400764 0.570479 0.1174147 0.5180644 0.4835767 0.6736929 0.7500247 0.375089 0.006140471 0.9878298 0.749272 0.6414421 0.1579765 0.8519751 0.424358 0.3937119 0.7231297 0.2831556 0.989318 0.2690778 0.09620334 0.8214763 0.1891926 0.1429672 0.528508 0.7247937 0.3819619 0.9473757 0.8066299 0.7133834 0.4075616 0.7489077 0.6626144 0.3506445 0.8163928 0.2550757 0.6194833 0.3817083 
Generation 70
0.1853989 0.1470241 0.864638 0.863625 0.02956392 0.3476416 0.8460484 0.5304418 0.01957267 0.9515882 0.849885 1.012042 0.7434937 0.6685746 0.1785005 0.17074 0.8176702 0.8322636 0.3065659 0.3100853 0.1376772 0.7773545 0.5763163 0.6733672 0.8674448 0.8911874 0.8879808 0.02108135 0.565513 0.1220159 0.2025443 0.6406314 0.838231 0.9875575 0.3898119 0.06753803 0.9089754 0.1929554 0.3536595 0.09411304 0.01478228 0.7326465 0.7265567 0.3416073 0.5006632 0.6178774 0.3213888 0.1670058 0.177047 0.5955945 0.2994554 0.1961088 0.1078367 0.933121 0.5894082 0.9171209 0.7949331 0.06934866 0.7552758 0.5494925 0.05741098 0.5142685 1.021837 
Generation 71
0.6945628 1.00515 0.3390772 0.2963114 0.1899322 0.160383 0.2460732 0.4560661 0.4123233 0.659779 0.5936849 0.3760938 0.09105088 0.3233042 0.5889299 0.2094499 0.8026435 0.1668667 0.9835164 0.1939652 0.5733056 0.970991 0.5864116 0.1980609 0.9278505 0.1405652 0.6401364 0.3591205 0.6057872 0.01297917 0.2346176 0.8526276 0.2122668 -0.00923696 0.187798 0.5509652 0.9060134 0.2059161 0.823734 0.5143337 0.4232343 0.8728169 1.042882 0.3172857 0.2449051 0.8386247 0.2970563 0.1104052 0.8548826 0.4693725 0.815987 0.1206884 0.4704011 0.6839798 0.9481183 0.1917088 0.8375775 -0.04151782 0.8550456 0.9538075 0.7082679 0.02200982 0.4797262 
Generation 72
0.8408518 0.6991913 0.3752474 0.3578503 0.008904316 0.6598218 0.6353378 0.2194478 0.4444612 0.5929305 0.6564457 0.1037822 0.5213481 0.3558141 0.52516 0.3429419 0.1913885 0.1850423 0.62198 0.3963774 0.8677877 0.9489571 0.06264823 0.1114737 0.3839201 0.9757217 0.1625433 0.5704696 0.380974 0.5001466 0.3151328 0.9295141 0.6926016 0.5780374 0.7722289 0.6090239 0.4914036 -0.04326446 0.8994434 0.4555503 0.9010319 0.484905 0.9509161 0.1922468 0.7994027 0.7103654 0.4324655 0.7834849 0.4009683 0.2035759 0.581692 0.4462878 0.3531939 0.3120239 0.4469764 0.2367293 0.2377955 0.8574278 0.9067018 0.5711166 0.8952889 0.6110575 0.4003469 
Generation 73
0.4848044 -0.03236682 0.1122066 0.4956102 0.6078992 0.06330247 0.7582615 0.6036161 0.8511057 -0.05119634 0.2729821 0.1056396 0.9862211 0.7274203 0.05059827 0.9797481 0.3822632 0.4333366 0.9627452 0.6644059 0.5426739 0.713568 0.8965017 0.3662508 0.7608112 0.6746019 0.9176239 0.4165434 0.2978917 0.625271 0.6817491 0.1726789 0.4290868 0.2074643 0.9648532 0.9533689 0.5299869 0.54868 0.1270231 0.1323081 0.03250507 0.898379 0.3507094 0.2804875 0.747867 0.7082683 0.02663001 0.4157696 0.06403621 0.811866 0.05412472 0.1179842 0.3749769 0.3489138 1.02393 0.7931705 0.001305182 0.2702509 0.09573752 0.3092749 0.945435 0.4387135 0.3708753 
Generation 74
0.04890347 0.1021329 0.8583611 0.7672949 0.3723127 0.1931304 0.3580633 0.7344256 0.7360665 0.01731408 0.04578495 0.8619692 0.2725714 0.6615501 0.5060466 0.1353538 0.9136364 0.8320874 0.8487988 0.08792008 0.9184101 0.7488094 0.1311308 0.5602828 0.9260201 0.5400764 0.570479 0.1174147 0.5180644 0.4835767 0.6736929 0.7500247 0.375089 0.006140471 0.9878298 0.749272 0.6414421 0.1579765 0.8519751 0.424358 0.3937119 0.7231297 0.2831556 0.989318 0.2690778 0.09620334 0.8214763 0.1891926 0.1429672 0.528508 0.7247937 0.3819619 0.9473757 0.8066299 0.7133834 0.4075616 0.7489077 0.6626144 0.3506445 0.8163928 0.2550757 0.6194833 0.3817083 
Generation 75
0.0709189 0.8970733 0.5721402 0.7626919 0.2869564 0.5153267 0.5061079 0.5655581 0.9195783 0.428896 0.9283161 0.9655578 0.8189055 0.9339775 0.5958112 0.9645296 0.1247028 0.1133605 0.3722475 0.250329 0.7016339 0.9345149 0.7854616 0.6905415 0.1426332 0.2549955 0.3202121 0.8423265 0.2750268 0.8801695 -0.06903759 0.7569881 0.4324747 0.01312858 0.5281636 0.5918397 0.1158883 0.4761162 0.2721586 0.6498212 0.09396303 0.5250363 0.2861195 0.7911228 0.3828061 0.03041379 0.5066676 0.6205574 0.5586566 0.3101748 0.09289404 0.127307 0.2502961 0.3659212 0.7638578 0.2468679 0.9704444 -0.03244528 0.3053684 0.5712211 0.9362268 0.1704077 0.7074894 
Generation 76
0.1140946 0.9561021 0.5361266 0.7641285 0.2386845 0.4267516 0.4370812 0.5633137 0.9075764 0.408185 1.063403 0.9180327 0.6667253 0.8485914 0.5879521 0.975379 0.1047452 0.08145693 0.4093085 0.1621379 0.6532495 0.9908887 0.6958837 0.7342263 0.06692635 0.2575203 0.3163553 0.7956771 0.3260857 0.8339439 0.01866102 0.7468092 0.3815658 0.03041004 0.4937151 0.5942127 0.1404821 0.4821415 0.2518973 0.664214 0.08205239 0.503593 0.2650935 0.7419641 0.3805699 0.01436923 0.6081733 0.7347124 0.5961813 0.3480672 0.0988846 0.1335808 0.1360602 0.3325731 0.6897011 0.2474647 1.001057 -0.01779828 0.3557656 0.6250556 0.9324831 0.1995019 0.7502834 
Generation 77
0.7633201 1.049474 0.3002602 0.2688947 0.1842021 0.3099016 0.3078126 0.3622251 0.3948206 0.5661675 0.6395292 0.4331231 0.04196326 0.2314317 0.5395283 0.2664874 0.9468202 0.1113511 0.9020764 0.02389128 0.5577738 0.8471255 0.537065 0.2177775 0.8084272 -0.001044412 0.7216865 0.4109 0.5809995 0.06865487 0.1963247 0.9701612 0.2303524 -0.06077502 0.1725091 0.6212496 0.9366302 0.1512166 0.9796511 0.5127851 0.522103 0.8355017 0.9962202 0.3348732 0.3574687 0.7851793 0.2552595 0.1828966 0.9487402 0.5222707 0.7923385 0.09482318 0.6038059 0.697436 1.047662 0.2162746 0.8177077 0.01266991 0.8862211 0.9193891 0.7282327 0.00604071 0.5675304 
Generation 78
0.04890347 0.1021329 0.8583611 0.7672949 0.3723127 0.1931304 0.3580633 0.7344256 0.7360665 0.01731408 0.04578495 0.8619692 0.2725714 0.6615501 0.5060466 0.1353538 0.9136364 0.8320874 0.8487988 0.08792008 0.9184101 0.7488094 0.1311308 0.5602828 0.9260201 0.5400764 0.570479 0.1174147 0.5180644 0.4835767 0.6736929 0.7500247 0.375089 0.006140471 0.9878298 0.749272 0.6414421 0.1579765 0.8519751 0.424358 0.3937119 0.7231297 0.2831556 0.989318 0.2690778 0.09620334 0.8214763 0.1891926 0.1429672 0.528508 0.7247937 0.3819619 0.9473757 0.8066299 0.7133834 0.4075616 0.7489077 0.6626144 0.3506445 0.8163928 0.2550757 0.6194833 0.3817083 
Generation 79
0.1028745 0.1465264 0.7768796 0.8440745 0.1121721 0.2469307 0.8303205 0.4474384 -0.01991629 0.9191072 0.8799911 1.04904 0.6964711 0.7065094 0.101142 0.1705437 0.7780854 0.7691541 0.2468961 0.3165318 0.07726822 0.7864006 0.6351491 0.7122942 0.8982894 0.8699279 1.024484 0.02613774 0.6379267 0.1885758 0.2101002 0.6024863 0.8525354 1.067889 0.4568047 0.03483371 0.8487563 0.2673495 0.3248353 0.1256794 0.008041611 0.7562413 0.7296896 0.2990444 0.577987 0.6046623 0.3988391 0.1432071 0.2366637 0.5716494 0.3576499 0.1794288 0.175015 0.994089 0.5129388 0.9102941 0.6903319 0.1654937 0.7994143 0.5229955 0.00188056 0.4310513 0.9154854 
Generation 80
0.5064721 0.03504025 0.9006631 0.07824203 0.7507221 0.4366306 0.2530912 0.5647902 0.5254965 0.6436985 0.7419131 0.1804587 0.2780229 0.2848587 0.5079936 0.1223068 0.7085856 0.850765 0.5192254 0.2656625 0.307586 0.2115821 0.4800932 0.6494537 0.7819536 0.7677262 0.3018453 0.2811002 0.6391819 0.07103229 0.8100275 0.4170746 0.4601001 0.8211827 0.9570777 0.9753337 0.4485525 0.5334685 0.6974741 0.4753126 0.9240965 0.3865131 0.2495186 0.2572348 0.6448174 0.1908301 0.6011434 0.9885175 0.1466317 0.4363912 0.6325041 0.0725366 0.1990397 0.2425894 0.5457423 0.9620693 0.2592903 0.7753144 0.3660341 0.4673336 0.312999 0.820744 0.7971513 
Generation 81
0.5238689 -0.02639553 0.9199436 0.08229529 0.7416186 0.4327801 0.235151 0.5912349 0.5283004 0.6981837 0.7423509 0.1440579 0.2879098 0.2830467 0.5113788 0.09463509 0.7479107 0.8513778 0.5940837 0.2958939 0.2948562 0.2080068 0.4891735 0.6931485 0.8261564 0.7760422 0.2711579 0.3022229 0.6961666 0.05788705 0.8098453 0.2898237 0.4434507 0.7698773 0.9449593 0.9774128 0.4786294 0.5738387 0.6808511 0.5340902 0.9271786 0.4151595 0.2484746 0.3210678 0.6397982 0.2013169 0.5946769 1.006059 0.1742748 0.4632691 0.6452671 0.128623 0.157458 0.2444049 0.5822129 0.9129564 0.2201748 0.7858639 0.4006695 0.4533739 0.2759776 0.8349908 0.8479858 
Generation 82
0.0331657 0.8797348 0.6222461 0.7525416 0.2667942 0.3654529 0.3889298 0.5326199 1.023479 0.5405407 0.972267 0.8599832 0.6972103 0.8992656 0.6335211 0.9205996 0.0268974 0.2198607 0.434032 0.1324428 0.7412997 0.9615052 0.695626 0.7934664 0.0871711 0.2801629 0.2462835 0.7033381 0.201526 0.8946106 0.01000038 0.6835965 0.3885508 -0.007657822 0.4663695 0.6470917 0.1590703 0.5579586 0.269861 0.722568 0.1126046 0.6414689 0.2884066 0.7552281 0.4151084 -0.08963439 0.3896669 0.6474397 0.5325423 0.2512258 0.1077803 0.2102174 0.2205968 0.4285895 0.7398416 0.2983188 1.012335 -0.05860293 0.3018257 0.6504054 0.9310088 0.1248589 0.7370895 
Generation 83
0.6467078 0.565409 0.4140116 0.5781254 0.3574366 0.2963827 0.975181 0.006952296 0.7802327 0.6940097 0.9716317 0.2696136 0.2561845 0.2746754 0.5195107 0.9674114 0.8224988 0.707104 0.869579 0.7028704 0.8644412 0.4972948 0.1454976 0.8899264 0.9025993 0.7007024 -0.04122383 0.1594335 -0.02419478 0.720164 0.5154182 0.8817065 0.5098332 0.7791169 0.7441449 0.05775077 1.943901E-05 0.7835053 0.1664738 0.7368951 0.2907556 0.616452 0.4362746 0.2744506 0.8948265 0.772385 0.2995371 0.05045774 0.4192668 0.5812639 0.2875131 0.3890986 0.4278705 0.9645081 0.01330256 0.9256585 0.002152164 0.8387392 0.4243417 0.3579751 0.4993215 0.5949355 0.5571141 
Generation 84
0.459647 0.919566 0.7582284 0.3478601 0.65953 0.5131261 0.8452125 0.9012107 0.1167726 0.5654744 0.7236525 0.3626446 0.2798366 0.9565592 0.944653 0.3971248 0.3818321 0.4140978 0.4391854 0.1383325 0.3494715 0.1453774 0.7357053 0.6126127 0.8237705 0.95431 0.8674196 0.9629401 0.8055733 0.7010304 0.7349566 0.8278189 0.5519002 0.3692299 0.5360194 0.5605846 0.6037677 0.3029292 0.7998476 0.120409 0.6898676 0.9596712 0.8150869 0.9892666 0.4603461 0.3242982 0.9268239 0.1384933 0.6134424 0.8805779 0.4249401 0.9695511 0.7011431 0.01332038 0.4781532 0.04686224 0.4226824 0.9655812 0.1928836 0.2676092 0.5492031 0.7096284 0.8141067 
Generation 85
0.04890347 0.1021329 0.8583611 0.7672949 0.3723127 0.1931304 0.3580633 0.7344256 0.7360665 0.01731408 0.04578495 0.8619692 0.2725714 0.6615501 0.5060466 0.1353538 0.9136364 0.8320874 0.8487988 0.08792008 0.9184101 0.7488094 0.1311308 0.5602828 0.9260201 0.5400764 0.570479 0.1174147 0.5180644 0.4835767 0.6736929 0.7500247 0.375089 0.006140471 0.9878298 0.749272 0.6414421 0.1579765 0.8519751 0.424358 0.3937119 0.7231297 0.2831556 0.989318 0.2690778 0.09620334 0.8214763 0.1891926 0.1429672 0.528508 0.7247937 0.3819619 0.9473757 0.8066299 0.7133834 0.4075616 0.7489077 0.6626144 0.3506445 0.8163928 0.2550757 0.6194833 0.3817083 
Generation 86
0.9116398 0.8228804 0.1624303 1.012174 0.06381246 0.9116317 0.6737439 0.2810465 0.09973577 0.5823581 0.7369518 0.2829523 0.4730799 0.8276668 0.6065258 0.5725358 0.7370957 0.9218683 0.7471204 0.7535455 0.7205006 0.2596584 0.1233955 0.6025347 0.104717 0.1305173 0.7385295 0.75248 0.5571879 0.07859367 0.7475958 1.000625 0.8258402 0.242957 0.5301238 0.4485834 0.3236562 0.2973734 0.267069 0.808656 0.2333182 0.7715016 0.0239557 0.8060887 0.1896342 0.4118381 0.1546391 0.4107379 0.9568748 0.1797878 0.05962741 0.4620341 0.7084615 0.8141894 0.6288202 0.09473305 0.8268108 0.7667672 -0.04278789 0.7315059 0.5894849 0.5070229 0.6764212 
Generation 87
0.9702709 0.4559337 0.8159319 -0.05142353 0.1283668 0.8001952 0.3960405 0.9566249 0.5237905 0.9871041 0.8875914 0.5196246 0.7977348 0.5467241 0.3448842 0.7918451 0.09622463 0.9387594 0.236804 0.8458724 0.08891083 0.4469343 0.6624562 0.6729787 0.7754959 0.900005 0.4770463 0.2128605 0.9707294 0.4658829 0.1979474 0.9492624 0.171175 0.4677912 0.2448891 0.7820924 0.05889798 0.110249 1.003638 0.8655326 0.5367337 0.1848588 0.7163605 0.8403779 0.3853625 -0.002822801 0.7361085 -0.0006039598 0.2626697 1.046183 0.8351726 0.9081088 0.8517112 0.2389396 0.1894321 0.1391669 0.6052748 0.3729059 0.6161559 0.1346581 0.7355337 0.5649485 0.3984586 
Generation 88
0.04890347 0.1021329 0.8583611 0.7672949 0.3723127 0.1931304 0.3580633 0.7344256 0.7360665 0.01731408 0.04578495 0.8619692 0.2725714 0.6615501 0.5060466 0.1353538 0.9136364 0.8320874 0.8487988 0.08792008 0.9184101 0.7488094 0.1311308 0.5602828 0.9260201 0.5400764 0.570479 0.1174147 0.5180644 0.4835767 0.6736929 0.7500247 0.375089 0.006140471 0.9878298 0.749272 0.6414421 0.1579765 0.8519751 0.424358 0.3937119 0.7231297 0.2831556 0.989318 0.2690778 0.09620334 0.8214763 0.1891926 0.1429672 0.528508 0.7247937 0.3819619 0.9473757 0.8066299 0.7133834 0.4075616 0.7489077 0.6626144 0.3506445 0.8163928 0.2550757 0.6194833 0.3817083 
Generation 89
0.5678023 0.5750628 0.4790469 0.5926962 0.3444433 0.3393099 0.9480648 0.01853831 0.7728073 0.6357021 0.9657403 0.2877342 0.3078995 0.2167819 0.5540775 0.9004681 0.6841441 0.5982641 0.9076774 0.7365416 0.8793281 0.5822603 0.1047627 0.7878622 1.005986 0.6845614 0.06608278 0.1070118 -0.06569222 0.7428343 0.5287511 0.8968663 0.4001851 0.8392711 0.7895258 0.00608548 0.05639189 0.8475735 0.2506087 0.6174976 0.1670547 0.5621039 0.297895 0.2158358 0.9671163 0.8106396 0.3786803 0.03473509 0.5133829 0.5102599 0.340109 0.2945383 0.420847 0.9740732 0.06681152 0.8949148 0.02159697 0.8221027 0.4287531 0.366612 0.4611591 0.6392899 0.5363703 
